16
1.547290  3.313053
5.250805  -7.30026
7.062114  1.220251
-4.47302  -5.39371
-2.56371  -3.59534
-2.13237  2.358850
2.366238  -9.67842
-1.74569  3.276434
8.066843  -9.10126
-8.25690  -8.71790
7.397744  -5.36643
2.060291  2.840891
-6.93531  -5.19243
9.690418  -9.17575
3.448993  2.119052
-7.76921  4.647406

Ans:
D[0,1]: 13.3742
D[2,3]: 2.4705
D[0,3]: 2.4705
D[4,5]: 5.9698
D[6,7]: 3.2932
D[4,7]: 0.9957
D[0,7]: 0.9957
D[8,9]: 12.5230
D[10,11]: 9.5901
D[8,11]: 1.5651
D[12,13]: 6.5952
D[14,15]: 1.6253
D[12,15]: 1.6253
D[8,15]: 1.5651
D[0,15]: 0.6972


15
1 100000000000000000
39807906970960 1
4 17594357493579843
646718736816 1
8 2
3 6
7 9
6 9
33 55
22 99
44 88
545 45
344 676
234 435
123 2323


10
795 981
1905 4574
8891 665
6370 1396
93 8603
302 7099
326 5318
4493 3977
429 8687
9198 1558

D[0,2]: 1518.4522
D[3,4]: 7714.6868
D[0,4]: 346.3409
D[5,7]: 2655.9655
D[8,9]: 944.2976
D[5,9]: 944.2976
D[0,9]: 346.3409


7
0 0
-2 0
4 0
1 1
3 3
-2 2
5 2

ANs
D[0,2]: 2.0000
D[3,4]: 2.8284
D[5,6]: 2.2361
D[3,6]: 2.2361
D[0,6]: 1.4142

D[0,1]: 2.0000
D[2,3]: 1.4142
D[0,3]: 1.4142
D[4,6]: 2.2361
D[0,6]: 1.4142



3
 -1 -1
0   0
-1  -2

Ans :
D[0,2]: 1.0000






8
 0.1251 56.3585
19.3304 80.8741
58.5009 47.9873
35.0291 89.5962
82.2840 74.6605
17.4108 85.8943
71.0501 51.3535
30.3995 1.4985


D[0,1]: 34.2222
D[2,3]: 80.1437
D[0,3]: 5.3747
D[4,5]: 47.7726
D[6,7]: 25.8731
D[4,7]: 12.9928
D[0,7]: 5.3747



0


1
1 5

5
0 2
6 67
43 71
39 107
189 140

Ans :

D[0,1]: 65.2763
D[2,4]: 36.2215
D[0,4]: 36.2215

D[0,2]: 51.8556
D[3,4]: 161.4837
D[0,4]: 36.2215



10
0.654682 0.925557
0.409382 0.619391
0.891663 0.888594
0.716629 0.996200
0.477721 0.946355
0.925092 0.818220
0.624291 0.142924
0.211332 0.221507
0.293786 0.691701
0.839186 0.728260

D[0,1]: 0.4774
D[2,4]: 0.3340
D[0,4]: 0.1363
D[5,6]: 0.0940
D[7,9]: 0.0779
D[5,9]: 0.0779

D[0,9]: 0.0779
D[0,2]: 0.1363
D[3,4]: 0.8167
D[0,4]: 0.1363
D[5,7]: 0.0940
D[8,9]: 0.0779
D[5,9]: 0.0779
D[0,9]: 0.0779



11
4 4
-2 -2
-3 -4
-1 3
2 3
-4 0
1 1
-1 -1
3 -1
-4 2
-2 4

ANs:
D[0,1]: 2.0000
D[2,4]: 2.2361
D[0,4]: 2.0000
D[5,7]: 2.8284
D[8,10]: 2.2361
D[5,10]: 2.2361
D[0,10]: 1.4142

invalid input


7
0 0
-2 0
4 0
1 1
3 3
-2 2
5 2

ANs
D[0,2]: 2.0000
D[3,4]: 2.8284
D[5,6]: 2.2361
D[3,6]: 2.2361
D[0,6]: 1.4142

D[0,1]: 2.0000
D[2,3]: 1.4142
D[0,3]: 1.4142
D[4,6]: 2.2361
D[0,6]: 1.4142


10
5.0 9.0
9.0 3.0
2.0 0.0
8.0 4.0
7.0 4.0
9.0 10.0
1.0 9.0
8.0 2.0
0.0 10.0
9.0 6.0

Ans:
D[0,1]: 1.4142
D[2,4]: 5.3852
D[0,4]: 1.4142
D[5,6]: 2.0000
D[7,9]: 3.0000
D[5,9]: 1.4142
D[0,9]: 1.0000

D[0,2]: 1.4142
D[3,4]: 5.3852
D[0,4]: 1.4142
Input data is Invalid: 2




































5
0 0
-4 1
-7 -2
4 5
1 1

Ans:
D[0,1]: 4.2426
D[2,4]: 1.4142
D[0,4]: 1.4142

D[0,2]: 4.1231
D[3,4]: 5.0000
D[0,4]: 1.4142




5
0 0
0 1
100 45
2 3
9 9


ANS
D[0,1]: 1.0000
D[2,4]: 9.2195
D[0,4]: 1.0000






6
2 3
12 30
40 50
5 1
12 10
3 4

ans:
D[0,2]: 1.4142
D[3,5]: 20.0000
D[0,5]: 1.4142






3
0 0
10000 10000
20000 20000

Ans: D[0,2]: 14142.1356












0








